w_n              t_n
64860.6862745098       0.05
64572.4509803921   0.151743
65475.5882352941   0.253486
65465.9803921569   0.355229
64937.5490196078   0.456972
65446.7647058824   0.558715
65523.6274509804   0.660458
65100.8823529412   0.762201
64111.2745098039   0.863944
64735.7843137255   0.965687
65081.6666666667    1.06743
           65245   1.169173
65148.9215686275   1.270916
65523.6274509804   1.372659
64985.5882352941   1.474402
64697.3529411765   1.576145
65062.4509803922   1.677888
65302.6470588235   1.779631
64322.6470588235   1.881374
65754.2156862745   1.983117
64841.4705882353    2.08486
64601.2745098039   2.186603
64313.0392156863   2.288346
65562.0588235294   2.390089
64774.2156862745   2.491832
64370.6862745098   2.593575
64927.9411764706   2.695318
65302.6470588235   2.797061
65686.9607843137   2.898804
64851.0784313726   3.000547
65552.4509803922    3.10229
64572.4509803922   3.204033
62939.1176470588   3.305776
62602.8431372549   3.407519
63131.2745098039   3.509262
62775.7843137255   3.611005
63035.1960784314   3.712748
62160.8823529412   3.814491
63160.0980392157   3.916234
63659.7058823529   4.017977
62910.2941176471    4.11972
63092.8431372549   4.221463
63650.0980392157   4.323206
63429.1176470588   4.424949
63602.0588235294   4.526692
63131.2745098039   4.628435
62353.0392156863   4.730178
63121.6666666667   4.831921
63448.3333333333   4.933664
63092.8431372549   5.035407
63333.0392156863    5.13715
63630.8823529412   5.238893
63256.1764705883   5.340636
63554.0196078431   5.442379
62900.6862745098   5.544122
63400.2941176471   5.645865
63573.2352941177   5.747608
63438.7254901961   5.849351
63534.8039215686   5.951094
63256.1764705882   6.052837
63746.1764705882    6.15458
63438.7254901961   6.256323
63630.8823529412   6.358066
63169.7058823529   6.459809
63342.6470588235   6.561552
63179.3137254902   6.663295
63467.5490196078   6.765038
63256.1764705882   6.866781
63304.2156862745   6.968524
63371.4705882353   7.070267
63573.2352941177    7.17201
63256.1764705882   7.273753
63256.1764705882   7.375496
63294.6078431373   7.477239
63227.3529411765   7.578982
63726.9607843137   7.680725
62900.6862745098   7.782468
63313.8235294118   7.884211
63140.8823529412   7.985954
62891.0784313726   8.087697
63015.9803921569    8.18944
62602.8431372549   8.291183
63304.2156862745   8.392926
63092.8431372549   8.494669
 63813.431372549   8.596412
63582.8431372549   8.698155
63861.4705882353   8.799898
63256.1764705882   8.901641
 63698.137254902   9.003384
63265.7843137255   9.105127
64111.2745098039    9.20687
 62833.431372549   9.308613
62535.5882352941   9.410356
61968.7254901961   9.512099
62112.8431372549   9.613842
62208.9215686275   9.715585
62064.8039215686   9.817328
 61401.862745098   9.919071
62449.1176470588  10.020814
61843.8235294118  10.122557
61882.2549019608    10.2243
62189.7058823529  10.326043
62170.4901960784  10.427786
61545.9803921569  10.529529
62093.6274509804  10.631272
62429.9019607843  10.733015
61872.6470588235  10.834758
62324.2156862745  10.936501
62919.9019607843  11.038244
61613.2352941176  11.139987
62737.3529411765   11.24173
62362.6470588235  11.343473
62285.7843137255  11.445216
62295.3921568627  11.546959
62064.8039215686  11.648702
62276.1764705882  11.750445
61901.4705882353  11.852188
61949.5098039216  11.953931
62074.4117647059  12.055674
62583.6274509804  12.157417
61824.6078431373   12.25916
 61853.431372549  12.360903
62545.1960784314  12.462646
63044.8039215686  12.564389
62362.6470588235  12.666132
62084.0196078431  12.767875
62208.9215686275  12.869618
62660.4901960784  12.971361
62487.5490196078  13.073104
62160.8823529412  13.174847
61757.3529411765   13.27659
62084.0196078431  13.378333
61805.3921568627  13.480076
62458.7254901961  13.581819
62276.1764705882  13.683562
62487.5490196079  13.785305
62007.1568627451  13.887048
61987.9411764706  13.988791
 62228.137254902  14.090534
62477.9411764706  14.192277
62891.0784313726   14.29402
62314.6078431372  14.395763
61805.3921568627  14.497506
62103.2352941176  14.599249
61920.6862745098  14.700992
62497.1568627451  14.802735
62881.4705882353  14.904478
62199.3137254902  15.006221
62372.2549019608  15.107964
           62795  15.209707
62160.8823529412   15.31145
62218.5294117647  15.413193
62410.6862745098  15.514936
61920.6862745098  15.616679
62862.2549019608  15.718422
62247.3529411765  15.820165
62449.1176470588  15.921908
62708.5294117647  16.023651
62391.4705882353  16.125394
62247.3529411765  16.227137
 62343.431372549   16.32888
 61853.431372549  16.430623
62516.3725490196  16.532366
62554.8039215686  16.634109
62151.2745098039  16.735852
62112.8431372549  16.837595
62064.8039215686  16.939338
62689.3137254902  17.041081
62151.2745098039  17.142824
62746.9607843137  17.244567
62564.4117647059   17.34631
62333.8235294118  17.448053
62353.0392156863  17.549796
 62228.137254902  17.651539
 61853.431372549  17.753282
61766.9607843137  17.855025
62064.8039215686  17.956768
63092.8431372549  18.058511
62151.2745098039  18.160254
61930.2941176471  18.261997
62564.4117647059   18.36374
61795.7843137255  18.465483
62084.0196078431  18.567226
 62228.137254902  18.668969
62055.1960784314  18.770712
62045.5882352941  18.872455
62151.2745098039  18.974198
62035.9803921569  19.075941
62122.4509803922  19.177684
62353.0392156863  19.279427
 62266.568627451   19.38117
61651.6666666667  19.482913
61440.2941176471  19.584656
62362.6470588235  19.686399
62035.9803921569  19.788142
 61853.431372549  19.889885
61709.3137254902  19.991628
62420.2941176471  20.093371
61747.7450980392  20.195114
61968.7254901961  20.296857
62170.4901960784    20.3986
61603.6274509804  20.500343
61766.9607843137  20.602086
61507.5490196079  20.703829
61603.6274509804  20.805572
61584.4117647059  20.907315
62353.0392156863  21.009058
61911.0784313726  21.110801
61747.7450980392  21.212544
61661.2745098039  21.314287
62256.9607843137   21.41603
61661.2745098039  21.517773
61959.1176470588  21.619516
61728.5294117647  21.721259
62007.1568627451  21.823002
61411.4705882353  21.924745
62170.4901960784  22.026488
62016.7647058823  22.128231
61613.2352941177  22.229974
62410.6862745098  22.331717
61690.0980392157   22.43346
61574.8039215686  22.535203
61622.8431372549  22.636946
62324.2156862745  22.738689
61901.4705882353  22.840432
62151.2745098039  22.942175
61834.2156862745  23.043918
61901.4705882353  23.145661
 61738.137254902  23.247404
62035.9803921569  23.349147
62151.2745098039   23.45089
61718.9215686275  23.552633
61834.2156862745  23.654376
61978.3333333333  23.756119
61930.2941176471  23.857862
62708.5294117647  23.959605
62007.1568627451  24.061348
62093.6274509804  24.163091
62132.0588235294  24.264834
61901.4705882353  24.366577
62468.3333333333   24.46832
62468.3333333334  24.570063
62064.8039215686  24.671806
61747.7450980392  24.773549
61805.3921568628  24.875292
62093.6274509804  24.977035
62045.5882352941  25.078778
62007.1568627451  25.180521
62276.1764705882  25.282264
62084.0196078431  25.384007
62160.8823529412   25.48575
62199.3137254902  25.587493
61978.3333333333  25.689236
62583.6274509804  25.790979
61901.4705882353  25.892722
62381.8627450981  25.994465
 62871.862745098  26.096208
62987.1568627451  26.197951
62468.3333333333  26.299694
62506.7647058824  26.401437
61930.2941176471   26.50318
61949.5098039216  26.604923
61968.7254901961  26.706666
61882.2549019608  26.808409
62256.9607843137  26.910152
62650.8823529412  27.011895
62862.2549019608  27.113638
 62381.862745098  27.215381
62429.9019607843  27.317124
62122.4509803922  27.418867
62535.5882352941   27.52061
           61815  27.622353
61911.0784313726  27.724096
62208.9215686275  27.825839
62199.3137254902  27.927582
 62189.705882353  28.029325
62362.6470588235  28.131068
61901.4705882353  28.232811
 62266.568627451  28.334554
62506.7647058823  28.436297
61968.7254901961   28.53804
62324.2156862745  28.639783
61949.5098039216  28.741526
61968.7254901961  28.843269
61901.4705882353  28.945012
62525.9803921569  29.046755
62141.6666666667  29.148498
62410.6862745098  29.250241
62410.6862745098  29.351984
62593.2352941176  29.453727
62333.8235294118   29.55547
61978.3333333333  29.657213
62055.1960784314  29.758956
61536.3725490196  29.860699
62525.9803921569  29.962442
62564.4117647059  30.064185
63102.4509803922  30.165928
61959.1176470588  30.267671
62074.4117647059  30.369414
61959.1176470588  30.471157
61901.4705882353    30.5729
62189.7058823529  30.674643
62151.2745098039  30.776386
62535.5882352941  30.878129
62122.4509803922  30.979872
62477.9411764706  31.081615
62045.5882352941  31.183358
62449.1176470588  31.285101
62353.0392156863  31.386844
 61699.705882353  31.488587
61805.3921568627   31.59033
61987.9411764706  31.692073
62477.9411764706  31.793816
62545.1960784314  31.895559
61863.0392156863  31.997302
62429.9019607843  32.099045
61978.3333333333  32.200788
62103.2352941176  32.302531
61968.7254901961  32.404274
62189.7058823529  32.506017
61449.9019607843   32.60776
 62228.137254902  32.709503
 62266.568627451  32.811246
62564.4117647059  32.912989
61536.3725490196  33.014732
62055.1960784314  33.116475
61920.6862745098  33.218218
62497.1568627451  33.319961
61545.9803921569  33.421704
61757.3529411765  33.523447
62132.0588235294   33.62519
62660.4901960784  33.726933
62074.4117647059  33.828676
62170.4901960784  33.930419
62468.3333333333  34.032162
62218.5294117647  34.133905
63188.9215686275  34.235648
62074.4117647059  34.337391
62189.7058823529  34.439134
62180.0980392157  34.540877
62420.2941176471   34.64262
62141.6666666667  34.744363
62843.0392156863  34.846106
62103.2352941177  34.947849
62218.5294117647  35.049592
62276.1764705882  35.151335
61930.2941176471  35.253078
62132.0588235294  35.354821
62708.5294117647  35.456564
           62305  35.558307
62122.4509803922   35.66005
62074.4117647059  35.761793
61834.2156862745  35.863536
61872.6470588235  35.965279
62112.8431372549  36.067022
61920.6862745098  36.168765
62026.3725490196  36.270508
61997.5490196078  36.372251
62007.1568627451  36.473994
61709.3137254902  36.575737
61709.3137254902   36.67748
61939.9019607843  36.779223
61872.6470588235  36.880966
62035.9803921569  36.982709
61920.6862745098  37.084452
61968.7254901961  37.186195
61421.0784313726  37.287938
61872.6470588235  37.389681
62084.0196078432  37.491424
62112.8431372549  37.593167
61718.9215686275   37.69491
62084.0196078431  37.796653
61574.8039215686  37.898396
61526.7647058824  38.000139
62035.9803921569  38.101882
61795.7843137255  38.203625
           61815  38.305368
61718.9215686274  38.407111
61766.9607843137  38.508854
62035.9803921569  38.610597
 61776.568627451   38.71234
61373.0392156863  38.814083
 61776.568627451  38.915826
61834.2156862745  39.017569
61651.6666666667  39.119312
61901.4705882353  39.221055
62189.7058823529  39.322798
61709.3137254902  39.424541
61786.1764705882  39.526284
62295.3921568628  39.628027
61757.3529411765   39.72977
62007.1568627451  39.831513
62112.8431372549  39.933256
 61738.137254902  40.034999
62372.2549019608  40.136742
61382.6470588235  40.238485
62189.7058823529  40.340228
62506.7647058824  40.441971
61795.7843137255  40.543714
62122.4509803922  40.645457
61987.9411764706    40.7472
61699.7058823529  40.848943
62016.7647058823  40.950686
61574.8039215686  41.052429
61843.8235294118  41.154172
           61815  41.255915
62112.8431372549  41.357658
62122.4509803922  41.459401
61795.7843137255  41.561144
62410.6862745098  41.662887
61930.2941176471   41.76463
62218.5294117647  41.866373
62333.8235294118  41.968116
62045.5882352941  42.069859
62593.2352941177  42.171602
62256.9607843137  42.273345
62737.3529411765  42.375088
 61738.137254902  42.476831
61930.2941176471  42.578574
62285.7843137255  42.680317
61882.2549019608   42.78206
62641.2745098039  42.883803
62237.7450980392  42.985546
62160.8823529412  43.087289
61449.9019607843  43.189032
61901.4705882353  43.290775
62449.1176470588  43.392518
61834.2156862745  43.494261
           61815  43.596004
62045.5882352941  43.697747
61911.0784313726   43.79949
62141.6666666667  43.901233
61968.7254901961  44.002976
62900.6862745098  44.104719
61911.0784313725  44.206462
61843.8235294118  44.308205
62035.9803921569  44.409948
62122.4509803922  44.511691
61517.1568627451  44.613434
 61776.568627451  44.715177
61843.8235294118   44.81692
62641.2745098039  44.918663
 61699.705882353  45.020406
61949.5098039216  45.122149
61594.0196078431  45.223892
62141.6666666667  45.325635
61728.5294117647  45.427378
61699.7058823529  45.529121
61642.0588235294  45.630864
61632.4509803922  45.732607
62420.2941176471   45.83435
62016.7647058824  45.936093
61690.0980392157  46.037836
61613.2352941177  46.139579
62103.2352941177  46.241322
62064.8039215686  46.343065
62218.5294117647  46.444808
61834.2156862745  46.546551
62035.9803921569  46.648294
62055.1960784314  46.750037
61728.5294117647   46.85178
61997.5490196078  46.953523
62314.6078431373  47.055266
61843.8235294118  47.157009
61757.3529411765  47.258752
62247.3529411765  47.360495
61911.0784313725  47.462238
61872.6470588235  47.563981
61968.7254901961  47.665724
 61891.862745098  47.767467
61987.9411764706   47.86921
61901.4705882353  47.970953
61930.2941176471  48.072696
           61815  48.174439
62775.7843137255  48.276182
62093.6274509804  48.377925
61334.6078431373  48.479668
61997.5490196079  48.581411
62093.6274509804  48.683154
61930.2941176471  48.784897
62189.7058823529   48.88664
 61738.137254902  48.988383
62449.1176470588  49.090126
61959.1176470588  49.191869
61613.2352941176  49.293612
61594.0196078431  49.395355
61584.4117647059  49.497098
61574.8039215686  49.598841
61959.1176470588  49.700584
61968.7254901961  49.802327
62295.3921568628   49.90407
61843.8235294118  50.005813
61795.7843137255  50.107556
62324.2156862745  50.209299
61843.8235294118  50.311042
61670.8823529412  50.412785
 62266.568627451  50.514528
61651.6666666667  50.616271
62151.2745098039  50.718014
62439.5098039216  50.819757
61959.1176470588    50.9215
61920.6862745098  51.023243
61786.1764705882  51.124986
61613.2352941176  51.226729
61574.8039215686  51.328472
62170.4901960784  51.430215
62007.1568627451  51.531958
61997.5490196079  51.633701
61920.6862745098  51.735444
62295.3921568628  51.837187
62766.1764705882   51.93893
61805.3921568628  52.040673
61584.4117647059  52.142416
61959.1176470588  52.244159
 61738.137254902  52.345902
           61815  52.447645
61766.9607843137  52.549388
61613.2352941177  52.651131
61747.7450980392  52.752874
 61776.568627451  52.854617
62026.3725490196   52.95636
61959.1176470588  53.058103
62151.2745098039  53.159846
61987.9411764706  53.261589
62497.1568627451  53.363332
62035.9803921569  53.465075
61353.8235294118  53.566818
61651.6666666667  53.668561
61882.2549019608  53.770304
62007.1568627451  53.872047
62804.6078431373   53.97379
61997.5490196078  54.075533
62477.9411764706  54.177276
61690.0980392157  54.279019
61901.4705882353  54.380762
           61815  54.482505
61430.6862745098  54.584248
61795.7843137255  54.685991
61353.8235294118  54.787734
62497.1568627451  54.889477
61901.4705882353   54.99122
 61738.137254902  55.092963
61795.7843137255  55.194706
61757.3529411765  55.296449
62362.6470588235  55.398192
61872.6470588235  55.499935
61795.7843137255  55.601678
           61815  55.703421
61978.3333333333  55.805164
 62343.431372549  55.906907
62324.2156862745   56.00865
61987.9411764706  56.110393
61613.2352941177  56.212136
 62228.137254902  56.313879
62074.4117647059  56.415622
61786.1764705882  56.517365
62285.7843137255  56.619108
61882.2549019608  56.720851
62045.5882352941  56.822594
62103.2352941176  56.924337
62026.3725490196   57.02608
 62266.568627451  57.127823
62016.7647058824  57.229566
61959.1176470588  57.331309
62429.9019607843  57.433052
 61853.431372549  57.534795
 61776.568627451  57.636538
61968.7254901961  57.738281
62064.8039215686  57.840024
61661.2745098039  57.941767
62122.4509803922   58.04351
62007.1568627451  58.145253
61968.7254901961  58.246996
62525.9803921569  58.348739
62016.7647058823  58.450482
62429.9019607843  58.552225
61863.0392156863  58.653968
62074.4117647059  58.755711
62055.1960784314  58.857454
62218.5294117647  58.959197
62468.3333333333   59.06094
62362.6470588235  59.162683
62535.5882352941  59.264426
62958.3333333333  59.366169
62353.0392156863  59.467912
62189.7058823529  59.569655
62372.2549019608  59.671398
62007.1568627451  59.773141
62093.6274509804  59.874884
62045.5882352941  59.976627
62035.9803921569   60.07837
62477.9411764706  60.180113
62170.4901960784  60.281856
62823.8235294118  60.383599
62545.1960784314  60.485342
62122.4509803922  60.587085
62122.4509803922  60.688828
           62305  60.790571
62602.8431372549  60.892314
62199.3137254902  60.994057
 63246.568627451    61.0958
61584.4117647059  61.197543
61872.6470588235  61.299286
62497.1568627451  61.401029
61920.6862745098  61.502772
61824.6078431373  61.604515
61690.0980392157  61.706258
62122.4509803922  61.808001
62256.9607843137  61.909744
62862.2549019608  62.011487
62007.1568627451   62.11323
62535.5882352941  62.214973
62372.2549019608  62.316716
61373.0392156863  62.418459
62746.9607843137  62.520202
62237.7450980392  62.621945
 61853.431372549  62.723688
 61853.431372549  62.825431
62285.7843137255  62.927174
62372.2549019608  63.028917
61997.5490196079   63.13066
62103.2352941176  63.232403
           61815  63.334146
62132.0588235294  63.435889
61959.1176470588  63.537632
62160.8823529412  63.639375
62035.9803921569  63.741118
62477.9411764706  63.842861
 61891.862745098  63.944604
 62228.137254902  64.046347
61949.5098039216   64.14809
62026.3725490196  64.249833
61622.8431372549  64.351576
62218.5294117647  64.453319
61651.6666666667  64.555062
61632.4509803922  64.656805
62141.6666666667  64.758548
61795.7843137255  64.860291
62064.8039215686  64.962034
61805.3921568628  65.063777
62122.4509803922   65.16552
62055.1960784314  65.267263
62122.4509803922  65.369006
61949.5098039216  65.470749
61517.1568627451  65.572492
62016.7647058823  65.674235
62256.9607843137  65.775978
62045.5882352941  65.877721
62112.8431372549  65.979464
62180.0980392157  66.081207
62189.7058823529   66.18295
61786.1764705882  66.284693
62007.1568627451  66.386436
62074.4117647059  66.488179
62295.3921568627  66.589922
62554.8039215686  66.691665
61968.7254901961  66.793408
62487.5490196078  66.895151
61584.4117647059  66.996894
 62266.568627451  67.098637
62554.8039215686   67.20038
62074.4117647059  67.302123
 62189.705882353  67.403866
62506.7647058823  67.505609
62256.9607843137  67.607352
61911.0784313725  67.709095
62180.0980392157  67.810838
61843.8235294118  67.912581
61997.5490196078  68.014324
61622.8431372549  68.116067
61276.9607843137   68.21781
62112.8431372549  68.319553
61824.6078431373  68.421296
61959.1176470588  68.523039
62103.2352941176  68.624782
62093.6274509804  68.726525
61680.4901960784  68.828268
61968.7254901961  68.930011
62516.3725490196  69.031754
 61286.568627451  69.133497
61690.0980392157   69.23524
61738.1372549019  69.336983
61959.1176470588  69.438726
62564.4117647059  69.540469
61661.2745098039  69.642212
61661.2745098039  69.743955
62016.7647058824  69.845698
61392.2549019608  69.947441
61795.7843137255  70.049184
61920.6862745098  70.150927
61718.9215686275   70.25267
61709.3137254902  70.354413
61488.3333333333  70.456156
62151.2745098039  70.557899
61978.3333333333  70.659642
61872.6470588235  70.761385
62439.5098039216  70.863128
62016.7647058824  70.964871
62189.7058823529  71.066614
61622.8431372549  71.168357
61632.4509803922    71.2701
62074.4117647059  71.371843
61834.2156862745  71.473586
62891.0784313725  71.575329
62622.0588235294  71.677072
62679.7058823529  71.778815
 61853.431372549  71.880558
62458.7254901961  71.982301
62276.1764705882  72.084044
 61853.431372549  72.185787
61843.8235294118   72.28753
61680.4901960784  72.389273
62439.5098039216  72.491016
62199.3137254902  72.592759
62132.0588235294  72.694502
           62305  72.796245
62381.8627450981  72.897988
62151.2745098039  72.999731
 61776.568627451  73.101474
 62189.705882353  73.203217
62151.2745098039   73.30496
62160.8823529412  73.406703
62333.8235294118  73.508446
62295.3921568628  73.610189
63256.1764705882  73.711932
61930.2941176471  73.813675
62285.7843137255  73.915418
62391.4705882353  74.017161
62362.6470588235  74.118904
62084.0196078431  74.220647
62516.3725490196   74.32239
62064.8039215686  74.424133
 62718.137254902  74.525876
61920.6862745098  74.627619
61805.3921568627  74.729362
62391.4705882353  74.831105
61863.0392156863  74.932848
61959.1176470588  75.034591
62084.0196078431  75.136334
62141.6666666667  75.238077
62477.9411764706   75.33982
62410.6862745098  75.441563
           63285  75.543306
62458.7254901961  75.645049
61690.0980392157  75.746792
62410.6862745098  75.848535
 61891.862745098  75.950278
62160.8823529412  76.052021
62554.8039215686  76.153764
62160.8823529412  76.255507
 62718.137254902   76.35725
61872.6470588235  76.458993
 61891.862745098  76.560736
62535.5882352941  76.662479
62045.5882352941  76.764222
 62228.137254902  76.865965
62535.5882352941  76.967708
61805.3921568627  77.069451
61911.0784313725  77.171194
62401.0784313725  77.272937
61766.9607843137   77.37468
61834.2156862745  77.476423
62285.7843137255  77.578166
62602.8431372549  77.679909
62189.7058823529  77.781652
62247.3529411765  77.883395
61834.2156862745  77.985138
62035.9803921569  78.086881
 62343.431372549  78.188624
61257.7450980392  78.290367
62276.1764705882   78.39211
62708.5294117647  78.493853
62256.9607843137  78.595596
62506.7647058824  78.697339
62458.7254901961  78.799082
62026.3725490196  78.900825
61930.2941176471  79.002568
62035.9803921569  79.104311
62401.0784313725  79.206054
62151.2745098039  79.307797
61545.9803921569   79.40954
61517.1568627451  79.511283
62170.4901960784  79.613026
 61738.137254902  79.714769
62458.7254901961  79.816512
62458.7254901961  79.918255
62353.0392156863  80.019998
61987.9411764706  80.121741
 62343.431372549  80.223484
62324.2156862745  80.325227
62276.1764705882   80.42697
62353.0392156863  80.528713
61843.8235294118  80.630456
62324.2156862745  80.732199
62276.1764705882  80.833942
62525.9803921569  80.935685
62247.3529411765  81.037428
63121.6666666667  81.139171
62103.2352941177  81.240914
62535.5882352941  81.342657
62987.1568627451    81.4444
62353.0392156863  81.546143
62372.2549019608  81.647886
62429.9019607843  81.749629
62525.9803921569  81.851372
62391.4705882353  81.953115
 61699.705882353  82.054858
62084.0196078431  82.156601
61978.3333333333  82.258344
 62228.137254902  82.360087
62218.5294117647   82.46183
62084.0196078432  82.563573
61786.1764705882  82.665316
61834.2156862745  82.767059
62218.5294117647  82.868802
           61815  82.970545
62132.0588235294  83.072288
62170.4901960784  83.174031
61824.6078431373  83.275774
61449.9019607843  83.377517
62218.5294117647   83.47926
61574.8039215686  83.581003
61747.7450980392  83.682746
62007.1568627451  83.784489
61709.3137254902  83.886232
62285.7843137255  83.987975
 62228.137254902  84.089718
62593.2352941176  84.191461
           62305  84.293204
62055.1960784314  84.394947
 62266.568627451   84.49669
 62266.568627451  84.598433
61863.0392156863  84.700176
61459.5098039216  84.801919
62035.9803921569  84.903662
61459.5098039216  85.005405
62064.8039215686  85.107148
62026.3725490196  85.208891
62170.4901960784  85.310634
 62343.431372549  85.412377
61574.8039215686   85.51412
 62343.431372549  85.615863
62698.9215686274  85.717606
62064.8039215686  85.819349
61805.3921568627  85.921092
61555.5882352941  86.022835
62122.4509803922  86.124578
62199.3137254902  86.226321
61882.2549019608  86.328064
61911.0784313726  86.429807
61728.5294117647   86.53155
62439.5098039216  86.633293
62410.6862745098  86.735036
62401.0784313725  86.836779
61949.5098039216  86.938522
61911.0784313725  87.040265
62026.3725490196  87.142008
 62343.431372549  87.243751
62439.5098039216  87.345494
63121.6666666667  87.447237
62151.2745098039   87.54898
61747.7450980392  87.650723
62650.8823529412  87.752466
62391.4705882353  87.854209
61920.6862745098  87.955952
61968.7254901961  88.057695
61882.2549019608  88.159438
62132.0588235294  88.261181
62333.8235294118  88.362924
62189.7058823529  88.464667
62593.2352941176   88.56641
61901.4705882353  88.668153
62612.4509803922  88.769896
62170.4901960784  88.871639
62132.0588235294  88.973382
63294.6078431372  89.075125
61690.0980392157  89.176868
62429.9019607843  89.278611
62189.7058823529  89.380354
62141.6666666667  89.482097
62093.6274509804   89.58384
62583.6274509804  89.685583
62247.3529411765  89.787326
           61815  89.889069
62045.5882352941  89.990812
62237.7450980392  90.092555
62650.8823529412  90.194298
62074.4117647059  90.296041
62314.6078431373  90.397784
62295.3921568627  90.499527
62141.6666666667   90.60127
62477.9411764706  90.703013
62247.3529411765  90.804756
62948.7254901961  90.906499
62401.0784313725  91.008242
 62833.431372549  91.109985
62948.7254901961  91.211728
62276.1764705882  91.313471
62141.6666666667  91.415214
62151.2745098039  91.516957
62564.4117647059    91.6187
 62228.137254902  91.720443
62477.9411764706  91.822186
61507.5490196078  91.923929
62112.8431372549  92.025672
62574.0196078431  92.127415
62449.1176470588  92.229158
62314.6078431373  92.330901
62093.6274509804  92.432644
63188.9215686275  92.534387
62084.0196078431   92.63613
62564.4117647059  92.737873
62324.2156862745  92.839616
 61776.568627451  92.941359
61901.4705882353  93.043102
62612.4509803922  93.144845
62333.8235294118  93.246588
61968.7254901961  93.348331
62391.4705882353  93.450074
 62266.568627451  93.551817
61930.2941176471   93.65356
62670.0980392157  93.755303
62333.8235294118  93.857046
62660.4901960784  93.958789
62372.2549019608  94.060532
62622.0588235294  94.162275
61987.9411764706  94.264018
 61853.431372549  94.365761
62372.2549019608  94.467504
 62381.862745098  94.569247
62506.7647058824   94.67099
61594.0196078432  94.772733
61718.9215686275  94.874476
62170.4901960784  94.976219
61843.8235294118  95.077962
62439.5098039216  95.179705
62237.7450980392  95.281448
62525.9803921569  95.383191
62208.9215686275  95.484934
62391.4705882353  95.586677
62333.8235294118   95.68842
62737.3529411765  95.790163
62891.0784313725  95.891906
62112.8431372549  95.993649
62372.2549019608  96.095392
62132.0588235294  96.197135
62247.3529411765  96.298878
62506.7647058824  96.400621
62170.4901960784  96.502364
61997.5490196078  96.604107
62420.2941176471   96.70585
62295.3921568627  96.807593
62285.7843137255  96.909336
62295.3921568628  97.011079
62458.7254901961  97.112822
 62756.568627451  97.214565
62583.6274509804  97.316308
61959.1176470588  97.418051
62506.7647058823  97.519794
           63285  97.621537
62516.3725490196   97.72328
62439.5098039216  97.825023
62391.4705882353  97.926766
62967.9411764706  98.028509
62727.7450980392  98.130252
62708.5294117647  98.231995
62843.0392156863  98.333738
62631.6666666667  98.435481
62093.6274509804  98.537224
 62718.137254902  98.638967
62545.1960784314   98.74071
61987.9411764706  98.842453
 62343.431372549  98.944196
61786.1764705882  99.045939
62891.0784313726  99.147682
 62420.294117647  99.249425
62506.7647058824  99.351168
62593.2352941177  99.452911
62574.0196078431  99.554654
62180.0980392157  99.656397
62506.7647058824   99.75814
62564.4117647059  99.859883
62641.2745098039  99.961626
62746.9607843137 100.063369
62084.0196078431 100.165112
62362.6470588235 100.266855
62132.0588235294 100.368598
61949.5098039216 100.470341
 62266.568627451 100.572084
62593.2352941177 100.673827
61911.0784313725  100.77557
62218.5294117647 100.877313
62737.3529411765 100.979056
63217.7450980392 101.080799
61603.6274509804 101.182542
61805.3921568628 101.284285
62506.7647058824 101.386028
62449.1176470588 101.487771
62218.5294117647 101.589514
62881.4705882353 101.691257
